C name: WC80Water20
C density = 12.70400
m13
     1001 1.3369e-02
     1002 1.5376e-06
     6012 3.8036e-02
     6013 4.1139e-04
     8016 6.6694e-03
     8017 2.5405e-06
     8018 1.3706e-05
     74180 4.6137e-05
     74182 1.0189e-02
     74183 5.5019e-03
     74184 1.1780e-02
     74186 1.0931e-02
C name: SS316LN
C density = 7.93000
m20
     5010 2.6371e-05
     5011 1.0615e-04
     6012 1.1801e-04
     6013 1.2763e-06
     7014 5.4353e-04
     7015 1.9857e-06
     14028 1.5681e-03
     14029 7.9662e-05
     14030 5.2575e-05
     15031 4.6254e-05
     16032 2.8295e-05
     16033 2.2340e-07
     16034 1.2659e-06
     16036 2.9787e-09
     24050 6.8839e-04
     24052 1.3275e-02
     24053 1.5053e-03
     24054 3.7469e-04
     25055 1.7385e-03
     26054 3.2404e-03
     26056 5.0867e-02
     26057 1.1748e-03
     26058 1.5634e-04
     27059 8.1033e-05
     28058 6.6469e-03
     28060 2.5603e-03
     28061 1.1130e-04
     28062 3.5487e-04
     28064 9.0363e-05
     41093 2.5701e-05
     42092 1.8078e-04
     42094 1.1384e-04
     42095 1.9707e-04
     42096 2.0740e-04
     42097 1.1944e-04
     42098 3.0345e-04
     42100 1.2218e-04
C name: IFMIFDONESspecimenstack
C density = 6.05525
m18
     6012 3.1715e-04
     6013 3.4302e-06
     11023 6.3588e-03
     23050 3.2639e-07
     23051 1.3023e-04
     24050 2.6033e-04
     24052 5.0202e-03
     24053 5.6925e-04
     24054 1.4170e-04
     25055 2.6760e-04
     26054 3.2658e-03
     26056 5.1266e-02
     26057 1.1839e-03
     26058 1.5756e-04
     73180 3.2526e-09
     73181 2.7079e-05
     74180 2.5133e-07
     74182 5.5502e-05
     74183 2.9971e-05
     74184 6.4173e-05
     74186 5.9544e-05
C name: FlibeLi60BZ
C density = 1.94000
m11
     3006 1.5208e-02
     3007 8.6923e-03
     4009 1.1950e-02
     9019 4.7801e-02
C name: HTSCsimple
C density = 8.89645
m23
     6012 3.4680e-05
     6013 3.7508e-07
     8016 1.0736e-03
     8017 4.0896e-07
     8018 2.2062e-06
     14028 1.1060e-04
     14029 5.6187e-06
     14030 3.7082e-06
     15031 3.3983e-05
     16032 1.2473e-05
     16033 9.8480e-08
     16034 5.5805e-07
     16036 1.3131e-09
     23050 7.2319e-07
     23051 2.8855e-04
     24050 5.4534e-04
     24052 1.0516e-02
     24053 1.1925e-03
     24054 2.9683e-04
     25055 7.6638e-04
     26054 2.4237e-04
     26056 3.8047e-03
     26057 8.7866e-05
     26058 1.1693e-05
     27059 1.7861e-03
     28058 2.7836e-02
     28060 1.0722e-02
     28061 4.6609e-04
     28062 1.4861e-03
     28064 3.7842e-04
     29063 8.1459e-03
     29065 3.6341e-03
     39089 1.5375e-04
     42092 1.0200e-03
     42094 6.4234e-04
     42095 1.1120e-03
     42096 1.1703e-03
     42097 6.7393e-04
     42098 1.7122e-03
     42100 6.8938e-04
     47107 1.2155e-03
     47109 1.1293e-03
     56130 3.2594e-07
     56132 3.1057e-07
     56134 7.4320e-06
     56135 2.0270e-05
     56136 2.4150e-05
     56137 3.4537e-05
     56138 2.2046e-04
     74180 1.0306e-06
     74182 2.2759e-04
     74183 1.2290e-04
     74184 2.6314e-04
     74186 2.4416e-04
C name: FNSFIBSRstruct
C density = 7.89000
m14
     6012 3.9137e-04
     6013 4.2329e-06
     23050 4.6637e-07
     23051 1.8608e-04
     24050 2.9779e-04
     24052 5.7426e-03
     24053 6.5116e-04
     24054 1.6209e-04
     26054 4.4847e-03
     26056 7.0401e-02
     26057 1.6259e-03
     26058 2.1637e-04
     73180 6.3074e-10
     73181 5.2511e-06
     74180 6.2029e-07
     74182 1.3698e-04
     74183 7.3970e-05
     74184 1.5838e-04
     74186 1.4696e-04
C name: Aluminum1050
C density = 2.71000
m22
     13027 6.0183e-02
     14028 1.0718e-04
     14029 5.4447e-06
     14030 3.5934e-06
     26054 5.1244e-06
     26056 8.0442e-05
     26057 1.8577e-06
     26058 2.4723e-07
C name: FNSFDCLLnat
C density = 7.76292
m8
     2003 1.5560e-10
     2004 1.1612e-04
     3006 2.9299e-04
     3007 3.5672e-03
     6012 1.6928e-03
     6013 1.8309e-05
     14028 1.5562e-03
     14029 7.9055e-05
     14030 5.2175e-05
     23050 2.7982e-08
     23051 1.1165e-05
     24050 1.7867e-05
     24052 3.4455e-04
     24053 3.9070e-05
     24054 9.7252e-06
     26054 2.6908e-04
     26056 4.2240e-03
     26057 9.7552e-05
     26058 1.2982e-05
     73180 3.7844e-11
     73181 3.1507e-07
     74180 3.7217e-08
     74182 8.2188e-06
     74183 4.4382e-06
     74184 9.5028e-06
     74186 8.8174e-06
     82204 2.9017e-04
     82206 4.9952e-03
     82207 4.5806e-03
     82208 1.0861e-02
C name: Concrete
C density = 2.35000
m21
     1001 7.8028e-03
     1002 8.9743e-07
     8016 4.3950e-02
     8017 1.6742e-05
     8018 9.0316e-05
     11023 1.0527e-03
     12024 1.1797e-04
     12025 1.4935e-05
     12026 1.6444e-05
     13027 2.3994e-03
     14028 1.4642e-02
     14029 7.4385e-04
     14030 4.9092e-04
     16032 5.3789e-05
     16033 4.2470e-07
     16034 2.4066e-06
     16036 5.6626e-09
     19039 6.4943e-04
     19040 8.1476e-08
     19041 4.6868e-05
     20040 2.8392e-03
     20042 1.8949e-05
     20043 3.9538e-06
     20044 6.1094e-05
     20046 1.1715e-07
     20048 5.4768e-06
     26054 1.8364e-05
     26056 2.8828e-04
     26057 6.6576e-06
     26058 8.8600e-07
C name: EUDEMOHCPB
C density = 1.92817
m9
     2003 1.0434e-10
     2004 7.7866e-05
     3006 4.0666e-03
     3007 2.3243e-03
     4009 4.6852e-02
     6012 4.9898e-05
     6013 5.3969e-07
     8016 6.3753e-03
     8017 2.4285e-06
     8018 1.3101e-05
     14028 1.4735e-03
     14029 7.4853e-05
     14030 4.9401e-05
     23050 5.1352e-08
     23051 2.0489e-05
     24050 4.0958e-05
     24052 7.8984e-04
     24053 8.9562e-05
     24054 2.2294e-05
     25055 4.2103e-05
     26054 5.1381e-04
     26056 8.0658e-03
     26057 1.8627e-04
     26058 2.4790e-05
     73180 5.1174e-10
     73181 4.2605e-06
     74180 3.9543e-08
     74182 8.7323e-06
     74183 4.7154e-06
     74184 1.0097e-05
     74186 9.3683e-06
C name: FNSFCC
C density = 7.93000
m16
     5010 8.7904e-07
     5011 3.5383e-06
     6012 1.1801e-04
     6013 1.2763e-06
     7014 2.3779e-04
     7015 8.6874e-07
     14028 7.8406e-04
     14029 3.9831e-05
     14030 2.6288e-05
     15031 3.8545e-05
     16032 1.4147e-05
     16033 1.1170e-07
     16034 6.3297e-07
     16036 1.4893e-09
     22046 8.2308e-06
     22047 7.4227e-06
     22048 7.3549e-05
     22049 5.3974e-06
     22050 5.1680e-06
     24050 6.9836e-04
     24052 1.3467e-02
     24053 1.5271e-03
     24054 3.8012e-04
     25055 1.5647e-03
     26054 3.2411e-03
     26056 5.0878e-02
     26057 1.1750e-03
     26058 1.5637e-04
     27059 4.0517e-05
     28058 6.7853e-03
     28060 2.6137e-03
     28061 1.1362e-04
     28062 3.6227e-04
     28064 9.2246e-05
     29063 1.5590e-04
     29065 6.9552e-05
     41093 5.1402e-06
     42092 1.8078e-04
     42094 1.1384e-04
     42095 1.9707e-04
     42096 2.0740e-04
     42097 1.1944e-04
     42098 3.0345e-04
     42100 1.2218e-04
     73180 3.1697e-10
     73181 2.6389e-06
C name: FNSFBW
C density = 6.31314
m2
     2003 2.3052e-10
     2004 1.7203e-04
     6012 3.1310e-04
     6013 3.3864e-06
     23050 3.7309e-07
     23051 1.4886e-04
     24050 2.3823e-04
     24052 4.5940e-03
     24053 5.2093e-04
     24054 1.2967e-04
     26054 3.5878e-03
     26056 5.6321e-02
     26057 1.3007e-03
     26058 1.7310e-04
     73180 5.0459e-10
     73181 4.2009e-06
     74180 4.9623e-07
     74182 1.0958e-04
     74183 5.9176e-05
     74184 1.2670e-04
     74186 1.1757e-04
C name: Pbli90BZ
C density = 9.32000
m10
     3006 4.5806e-03
     3007 4.3635e-04
     82204 3.7713e-04
     82206 6.4921e-03
     82207 5.9533e-03
     82208 1.4116e-02
C name: Pb
C density = 11.35000
m19
     82204 4.6180e-04
     82206 7.9495e-03
     82207 7.2898e-03
     82208 1.7284e-02
C name: FNSFFW
C density = 2.68637
m1
     2003 7.6072e-10
     2004 5.6770e-04
     6012 1.3307e-04
     6013 1.4392e-06
     23050 1.5856e-07
     23051 6.3267e-05
     24050 1.0125e-04
     24052 1.9525e-03
     24053 2.2139e-04
     24054 5.5110e-05
     26054 1.5248e-03
     26056 2.3936e-02
     26057 5.5279e-04
     26058 7.3567e-05
     73180 2.1445e-10
     73181 1.7854e-06
     74180 2.1090e-07
     74182 4.6573e-05
     74183 2.5150e-05
     74184 5.3849e-05
     74186 4.9965e-05
C name: reIron
C density = 7.87400
m6
     26054 4.9630e-03
     26056 7.7909e-02
     26057 1.7993e-03
     26058 2.3945e-04
C name: FNSFFWarmor
C density = 17.62091
m4
     2003 1.2362e-12
     2004 9.2256e-07
     74180 6.9265e-05
     74182 1.5296e-02
     74183 8.2599e-03
     74184 1.7686e-02
     74186 1.6410e-02
C name: FNSFIBSR
C density = 10.33794
m12
     2003 2.3052e-10
     2004 1.7203e-04
     6012 2.4833e-02
     6013 2.6859e-04
     23050 1.3058e-07
     23051 5.2102e-05
     24050 8.3381e-05
     24052 1.6079e-03
     24053 1.8232e-04
     24054 4.5384e-05
     26054 1.2557e-03
     26056 1.9712e-02
     26057 4.5524e-04
     26058 6.0584e-05
     73180 1.7661e-10
     73181 1.4703e-06
     74180 3.0163e-05
     74182 6.6610e-03
     74183 3.5969e-03
     74184 7.7016e-03
     74186 7.1461e-03
C name: FNSFDCLL
C density = 7.76292
m7
     2003 1.5560e-10
     2004 1.1612e-04
     3006 3.5271e-03
     3007 3.3599e-04
     6012 1.6928e-03
     6013 1.8309e-05
     14028 1.5562e-03
     14029 7.9055e-05
     14030 5.2175e-05
     23050 2.7982e-08
     23051 1.1165e-05
     24050 1.7867e-05
     24052 3.4455e-04
     24053 3.9070e-05
     24054 9.7252e-06
     26054 2.6908e-04
     26056 4.2240e-03
     26057 9.7552e-05
     26058 1.2982e-05
     73180 3.7844e-11
     73181 3.1507e-07
     74180 3.7217e-08
     74182 8.2188e-06
     74183 4.4382e-06
     74184 9.5028e-06
     74186 8.8174e-06
     82204 2.9039e-04
     82206 4.9989e-03
     82207 4.5840e-03
     82208 1.0869e-02
C name: FNSFFWstruct
C density = 7.89000
m5
     6012 3.9137e-04
     6013 4.2329e-06
     23050 4.6637e-07
     23051 1.8608e-04
     24050 2.9779e-04
     24052 5.7426e-03
     24053 6.5116e-04
     24054 1.6209e-04
     26054 4.4847e-03
     26056 7.0401e-02
     26057 1.6259e-03
     26058 2.1637e-04
     73180 6.3074e-10
     73181 5.2511e-06
     74180 6.2029e-07
     74182 1.3698e-04
     74183 7.3970e-05
     74184 1.5838e-04
     74186 1.4696e-04
C name: FNSFIBWP
C density = 6.87166
m17
     1001 1.6861e-03
     1002 1.9392e-07
     2003 4.2056e-09
     2004 3.1385e-03
     5010 5.1435e-07
     5011 2.0703e-06
     6012 1.7459e-03
     6013 1.8883e-05
     7014 2.8883e-04
     7015 1.0552e-06
     8016 2.1731e-03
     8017 8.2777e-07
     8018 4.4656e-06
     12024 1.1048e-04
     12025 1.3986e-05
     12026 1.5399e-05
     13027 2.7640e-04
     14028 7.0002e-04
     14029 3.5562e-05
     14030 2.3470e-05
     15031 1.8043e-06
     16032 1.6556e-06
     16033 1.3072e-08
     16034 7.4073e-08
     16036 1.7429e-10
     22046 5.8197e-06
     22047 5.2483e-06
     22048 5.2004e-05
     22049 3.8163e-06
     22050 3.6541e-06
     24050 1.5178e-04
     24052 2.9268e-03
     24053 3.3188e-04
     24054 8.2612e-05
     25055 5.3405e-03
     26054 8.1114e-04
     26056 1.2733e-02
     26057 2.9406e-04
     26058 3.9135e-05
     28058 1.4585e-03
     28060 5.6179e-04
     28061 2.4421e-05
     28062 7.7866e-05
     28064 1.9828e-05
     29063 2.5248e-02
     29065 1.1264e-02
     41093 2.3866e-03
     42092 2.1155e-05
     42094 1.3322e-05
     42095 2.3062e-05
     42096 2.4271e-05
     42097 1.3977e-05
     42098 3.5511e-05
     42100 1.4298e-05
     50112 7.8831e-06
     50114 5.3638e-06
     50115 2.7632e-06
     50116 1.1817e-04
     50117 6.2415e-05
     50118 1.9683e-04
     50119 6.9810e-05
     50120 2.6477e-04
     50122 3.7628e-05
     50124 4.7055e-05
C name: FNSFIBSRfill
C density = 11.11819
m15
     2003 3.0429e-10
     2004 2.2708e-04
     6012 3.2636e-02
     6013 3.5298e-04
     23050 2.3318e-08
     23051 9.3040e-06
     24050 1.4889e-05
     24052 2.8713e-04
     24053 3.2558e-05
     24054 8.1044e-06
     26054 2.2424e-04
     26056 3.5200e-03
     26057 8.1293e-05
     26058 1.0819e-05
     73180 3.1537e-11
     73181 2.6256e-07
     74180 3.9594e-05
     74182 8.7436e-03
     74183 4.7216e-03
     74184 1.0110e-02
     74186 9.3804e-03
C name: FNSFHeMan
C density = 2.37100
m3
     2003 8.0682e-10
     2004 6.0211e-04
     6012 1.1741e-04
     6013 1.2699e-06
     23050 1.3991e-07
     23051 5.5824e-05
     24050 8.9337e-05
     24052 1.7228e-03
     24053 1.9535e-04
     24054 4.8626e-05
     26054 1.3454e-03
     26056 2.1120e-02
     26057 4.8776e-04
     26058 6.4912e-05
     73180 1.8922e-10
     73181 1.5753e-06
     74180 1.8609e-07
     74182 4.1094e-05
     74183 2.2191e-05
     74184 4.7514e-05
     74186 4.4087e-05
