C name: Fe
C density = 7.87400
m25
     26054 -4.4453e-01
     26056 -7.2363e+00
     26057 -1.7011e-01
     26058 -2.3035e-02
C name: FlibeNat
C density = 1.94000
m40
     3006 -1.7914e-02
     3007 -2.5439e-01
     4009 -1.7681e-01
     9019 -1.4909e+00
C name: Cu
C density = 8.96000
m29
     29063 -6.1357e+00
     29065 -2.8243e+00
C name: Li2TiO3nat
C density = 3.43000
m37
     3006 -2.8538e-02
     3007 -4.0527e-01
     8016 -1.4961e+00
     8017 -6.0568e-04
     8018 -3.4597e-03
     22046 -1.1849e-01
     22047 -1.0918e-01
     22048 -1.1048e+00
     22049 -8.2764e-02
     22050 -8.0859e-02
C name: W
C density = 19.30000
m24
     74180 -2.2669e-02
     74182 -5.0618e+00
     74183 -2.7484e+00
     74184 -5.9170e+00
     74186 -5.5500e+00
C name: HT9
C density = 7.80000
m2
     6012 -1.5419e-02
     6013 -1.8071e-04
     23050 -4.7798e-05
     23051 -1.9452e-02
     24050 -3.9066e-02
     24052 -7.8343e-01
     24053 -9.0545e-02
     24054 -2.2963e-02
     26054 -3.7672e-01
     26056 -6.1325e+00
     26057 -1.4416e-01
     26058 -1.9521e-02
     28058 -2.6207e-02
     28060 -1.0443e-02
     28061 -4.6151e-04
     28062 -1.4956e-03
     28064 -3.9314e-04
     42092 -1.0855e-02
     42094 -6.9842e-03
     42095 -1.2219e-02
     42096 -1.2995e-02
     42097 -7.5618e-03
     42098 -1.9410e-02
     42100 -7.9747e-03
     74180 -4.5808e-05
     74182 -1.0229e-02
     74183 -5.5538e-03
     74184 -1.1957e-02
     74186 -1.1215e-02
C name: AirSTP
C density = 0.00120
m22
     6012 -1.4769e-07
     6013 -1.7309e-09
     7014 -9.0655e-04
     7015 -3.5477e-06
     8016 -2.7854e-04
     8017 -1.1276e-07
     8018 -6.4412e-07
     18036 -4.6425e-08
     18038 -9.2391e-09
     18040 -1.5401e-05
C name: Pb
C density = 11.35000
m32
     82204 -1.5641e-01
     82206 -2.7189e+00
     82207 -2.5054e+00
     82208 -5.9692e+00
C name: HeT410P80
C density = 0.00572
m21
     2003 -5.7725e-09
     2004 -5.7170e-03
C name: HeT410P1
C density = 0.00007
m20
     2003 -7.1165e-11
     2004 -7.0480e-05
C name: WC
C density = 15.63000
m5
     6012 -9.4741e-01
     6013 -1.1104e-02
     74180 -1.7233e-02
     74182 -3.8479e+00
     74183 -2.0893e+00
     74184 -4.4980e+00
     74186 -4.2190e+00
C name: Si
C density = 2.33000
m28
     14028 -2.1405e+00
     14029 -1.1262e-01
     14030 -7.6887e-02
C name: HeNIST
C density = 0.00017
m19
     2003 -1.6809e-10
     2004 -1.6647e-04
C name: ODS125Y
C density = 7.79900
m17
     6012 -2.9293e-03
     6013 -3.4331e-05
     7014 -3.5347e-03
     7015 -1.3833e-05
     8016 -6.5490e-02
     8017 -2.6513e-05
     8018 -1.5144e-04
     13027 -3.7435e-01
     14028 -1.4329e-03
     14029 -7.5395e-05
     14030 -5.1472e-05
     16032 -1.4774e-04
     16033 -1.2029e-06
     16034 -7.0226e-06
     16036 -1.7496e-08
     22046 -6.1769e-05
     22047 -5.6915e-05
     22048 -5.7592e-04
     22049 -4.3146e-05
     22050 -4.2153e-05
     24050 -3.7108e-02
     24052 -7.4416e-01
     24053 -8.6007e-02
     24054 -2.1813e-02
     26054 -3.6370e-01
     26056 -5.9205e+00
     26057 -1.3917e-01
     26058 -1.8846e-02
     39089 -1.4818e-02
     74180 -4.5803e-06
     74182 -1.0227e-03
     74183 -5.5531e-04
     74184 -1.1955e-03
     74186 -1.1214e-03
C name: C
C density = 1.70000
m27
     6012 -1.6803e+00
     6013 -1.9693e-02
C name: Na
C density = 0.97100
m26
     11023 -9.7100e-01
C name: Cr3FS
C density = 7.89000
m16
     6012 -7.7986e-03
     6013 -9.1400e-05
     14028 -1.0148e-02
     14029 -5.3392e-04
     14030 -3.6451e-04
     23050 -4.8350e-05
     23051 -1.9677e-02
     24050 -9.8791e-03
     24052 -1.9812e-01
     24053 -2.2897e-02
     24054 -5.8071e-03
     25055 -3.9450e-02
     26054 -4.1430e-01
     26056 -6.7442e+00
     26057 -1.5854e-01
     26058 -2.1468e-02
     74180 -2.7802e-04
     74182 -6.2079e-02
     74183 -3.3708e-02
     74184 -7.2568e-02
     74186 -6.8067e-02
C name: MF82H
C density = 7.89000
m1
     6012 -7.7986e-03
     6013 -9.1400e-05
     23050 -3.8680e-05
     23051 -1.5741e-02
     24050 -2.4698e-02
     24052 -4.9529e-01
     24053 -5.7243e-02
     24054 -1.4518e-02
     26054 -4.0169e-01
     26056 -6.5390e+00
     26057 -1.5371e-01
     26058 -2.0815e-02
     73180 -1.8847e-07
     73181 -1.5778e-03
     74180 -1.8535e-04
     74182 -4.1386e-02
     74183 -2.2472e-02
     74184 -4.8379e-02
     74186 -4.5378e-02
C name: Sn
C density = 7.31000
m30
     50112 -6.6842e-02
     50114 -4.6292e-02
     50115 -2.4057e-02
     50116 -1.0377e+00
     50117 -5.5286e-01
     50118 -1.7584e+00
     50119 -6.2895e-01
     50120 -2.4055e+00
     50122 -3.4756e-01
     50124 -4.4177e-01
C name: Li2TiO3Li60
C density = 3.42000
m39
     3006 -2.4102e-01
     3007 -1.6068e-01
     8016 -1.5071e+00
     8017 -6.1015e-04
     8018 -3.4852e-03
     22046 -1.1936e-01
     22047 -1.0998e-01
     22048 -1.1129e+00
     22049 -8.3375e-02
     22050 -8.1456e-02
C name: LiNat
C density = 0.53400
m42
     3006 -3.5129e-02
     3007 -4.9887e-01
C name: Mo
C density = 10.22000
m46
     42092 -1.4222e+00
     42094 -9.1511e-01
     42095 -1.6011e+00
     42096 -1.7027e+00
     42097 -9.9079e-01
     42098 -2.5432e+00
     42100 -1.0449e+00
C name: EthyleneGlycol
C density = 1.11400
m49
     1001 -1.0852e-01
     1002 -2.4943e-05
     6012 -4.2614e-01
     6013 -4.9944e-03
     8016 -5.7276e-01
     8017 -2.3188e-04
     8018 -1.3245e-03
C name: Be12Ti
C density = 2.28000
m34
     4009 -1.5805e+00
     22046 -5.5404e-02
     22047 -5.1050e-02
     22048 -5.1657e-01
     22049 -3.8699e-02
     22050 -3.7809e-02
C name: Ta
C density = 16.65400
m31
     73180 -1.9891e-03
     73181 -1.6652e+01
C name: ZrH2
C density = 5.61000
m52
     1001 -1.2126e-01
     1002 -2.7872e-05
     40090 -2.7831e+00
     40091 -6.1369e-01
     40092 -9.4834e-01
     40094 -9.8199e-01
     40096 -1.6158e-01
C name: LiNatT500
C density = 0.48500
m43
     3006 -3.1906e-02
     3007 -4.5309e-01
C name: JK2LBSteel
C density = 8.00000
m13
     5010 -2.9490e-05
     5011 -1.3051e-04
     6012 -1.5815e-03
     6013 -1.8535e-05
     7014 -1.5938e-02
     7015 -6.2371e-05
     14028 -2.2048e-02
     14029 -1.1601e-03
     14030 -7.9197e-04
     15031 -3.2000e-04
     16032 -3.0309e-04
     16033 -2.4679e-06
     16034 -1.4407e-05
     16036 -3.5894e-08
     24050 -4.3406e-02
     24052 -8.7047e-01
     24053 -1.0061e-01
     24054 -2.5515e-02
     25055 -1.6800e+00
     26054 -2.5053e-01
     26056 -4.0782e+00
     26057 -9.5869e-02
     26058 -1.2982e-02
     28058 -4.8382e-01
     28060 -1.9279e-01
     28061 -8.5202e-03
     28062 -2.7611e-02
     28064 -7.2579e-03
     42092 -1.1133e-02
     42094 -7.1633e-03
     42095 -1.2533e-02
     42096 -1.3328e-02
     42097 -7.7557e-03
     42098 -1.9908e-02
     42100 -8.1792e-03
C name: Be12V
C density = 2.39000
m35
     4009 -1.6247e+00
     23050 -1.8759e-03
     23051 -7.6343e-01
C name: FlibeLi60
C density = 1.94000
m41
     3006 -1.5190e-01
     3007 -1.0127e-01
     4009 -1.7883e-01
     9019 -1.5080e+00
C name: Li4SiO4nat
C density = 2.40000
m36
     3006 -3.6572e-02
     3007 -5.1936e-01
     8016 -1.2782e+00
     8017 -5.1745e-04
     8018 -2.9557e-03
     14028 -5.1670e-01
     14029 -2.7186e-02
     14030 -1.8560e-02
C name: Inconel718
C density = 8.19000
m53
     5010 -7.5475e-05
     5011 -3.3403e-04
     6012 -5.9094e-03
     6013 -6.9259e-05
     13027 -4.0950e-02
     14028 -2.3926e-02
     14029 -1.2589e-03
     14030 -8.5943e-04
     15031 -1.1466e-03
     16032 -1.0860e-03
     16033 -8.8427e-06
     16034 -5.1623e-05
     16036 -1.2861e-07
     22046 -5.8379e-03
     22047 -5.3792e-03
     22048 -5.4431e-02
     22049 -4.0778e-03
     22050 -3.9839e-03
     24050 -6.4947e-02
     24052 -1.3024e+00
     24053 -1.5053e-01
     24054 -3.8177e-02
     25055 -2.6044e-02
     26054 -7.8603e-02
     26056 -1.2795e+00
     26057 -3.0079e-02
     26058 -4.0731e-03
     27059 -7.4529e-02
     28058 -2.8893e+00
     28060 -1.1513e+00
     28061 -5.0881e-02
     28062 -1.6489e-01
     28064 -4.3343e-02
     29063 -1.5311e-02
     29065 -7.0476e-03
     41093 -4.1974e-01
     42092 -3.4762e-02
     42094 -2.2367e-02
     42095 -3.9133e-02
     42096 -4.1617e-02
     42097 -2.4217e-02
     42098 -6.2160e-02
     42100 -2.5539e-02
C name: EUROFER97
C density = 7.75000
m3
     6012 -8.4262e-03
     6013 -9.8756e-05
     23050 -3.6094e-05
     23051 -1.4689e-02
     24050 -2.8788e-02
     24052 -5.7732e-01
     24053 -6.6724e-02
     24054 -1.6922e-02
     25055 -3.2550e-02
     26054 -3.9001e-01
     26056 -6.3489e+00
     26057 -1.4925e-01
     26058 -2.0210e-02
     73180 -1.2959e-06
     73181 -1.0849e-02
     74180 -1.0013e-04
     74182 -2.2359e-02
     74183 -1.2140e-02
     74184 -2.6136e-02
     74186 -2.4515e-02
C name: TernaryNb3Sn
C density = 8.90000
m14
     22046 -7.4013e-03
     22047 -6.8198e-03
     22048 -6.9008e-02
     22049 -5.1698e-03
     22050 -5.0509e-03
     41093 -6.1366e+00
     50112 -2.4414e-02
     50114 -1.6908e-02
     50115 -8.7869e-03
     50116 -3.7903e-01
     50117 -2.0193e-01
     50118 -6.4227e-01
     50119 -2.2973e-01
     50120 -8.7862e-01
     50122 -1.2695e-01
     50124 -1.6136e-01
C name: Li4SiO4Li60
C density = 2.40000
m38
     3006 -3.1245e-01
     3007 -2.0830e-01
     8016 -1.3025e+00
     8017 -5.2732e-04
     8018 -3.0121e-03
     14028 -5.2656e-01
     14029 -2.7705e-02
     14030 -1.8914e-02
C name: Be
C density = 1.85000
m33
     4009 -1.8500e+00
C name: Li60
C density = 0.53400
m44
     3006 -3.2040e-01
     3007 -2.1360e-01
C name: V4Cr4Ti
C density = 6.05000
m51
     22046 -1.9167e-02
     22047 -1.7661e-02
     22048 -1.7871e-01
     22049 -1.3388e-02
     22050 -1.3080e-02
     23050 -1.3643e-02
     23051 -5.5524e+00
     24050 -1.0100e-02
     24052 -2.0255e-01
     24053 -2.3410e-02
     24054 -5.9371e-03
C name: Li60T500
C density = 0.48500
m45
     3006 -2.9100e-01
     3007 -1.9400e-01
C name: Eins
C density = 1.80000
m12
     1001 -3.5272e-02
     1002 -8.1072e-06
     6012 -4.2913e-01
     6013 -5.0294e-03
     7014 -2.6178e-02
     7015 -1.0244e-04
     8016 -7.2146e-01
     8017 -2.9208e-04
     8018 -1.6684e-03
     12024 -5.5002e-02
     12025 -7.2536e-03
     12026 -8.3049e-03
     13027 -1.5480e-01
     14028 -3.2659e-01
     14029 -1.7184e-02
     14030 -1.1731e-02
C name: D2O
C density = 1.10534
m18
     1002 -2.2232e-01
     8016 -8.8063e-01
     8017 -3.5651e-04
     8018 -2.0364e-03
C name: SS316LN
C density = 7.93000
m9
     5010 -4.3847e-04
     5011 -1.9405e-03
     6012 -2.3514e-03
     6013 -2.7559e-05
     7014 -1.2639e-02
     7015 -4.9460e-05
     14028 -7.2850e-02
     14029 -3.8331e-03
     14030 -2.6168e-03
     15031 -2.3790e-03
     16032 -1.5022e-03
     16033 -1.2231e-05
     16034 -7.1406e-05
     16036 -1.7790e-07
     24050 -5.7093e-02
     24052 -1.1449e+00
     24053 -1.3233e-01
     24054 -3.3560e-02
     25055 -1.5860e-01
     26054 -2.9024e-01
     26056 -4.7247e+00
     26057 -1.1106e-01
     26058 -1.5040e-02
     27059 -7.9300e-03
     28058 -6.3945e-01
     28060 -2.5480e-01
     28061 -1.1261e-02
     28062 -3.6493e-02
     28064 -9.5925e-03
     41093 -3.9650e-03
     42092 -2.7589e-02
     42094 -1.7751e-02
     42095 -3.1058e-02
     42096 -3.3029e-02
     42097 -1.9220e-02
     42098 -4.9334e-02
     42100 -2.0269e-02
C name: SiC
C density = 3.21000
m8
     6012 -9.5041e-01
     6013 -1.1139e-02
     14028 -2.0656e+00
     14029 -1.0868e-01
     14030 -7.4196e-02
C name: Aluminum6061
C density = 2.70000
m47
     12024 -2.1046e-02
     12025 -2.7756e-03
     12026 -3.1778e-03
     13027 -2.6244e+00
     14028 -1.4882e-02
     14029 -7.8304e-04
     14030 -5.3458e-04
     22046 -1.8818e-04
     22047 -1.7339e-04
     22048 -1.7545e-03
     22049 -1.3144e-04
     22050 -1.2842e-04
     24050 -2.1974e-04
     24052 -4.4067e-03
     24053 -5.0931e-04
     24054 -1.2917e-04
     25055 -2.3760e-03
     26054 -6.2343e-04
     26056 -1.0149e-02
     26057 -2.3857e-04
     26058 -3.2305e-05
     29063 -5.0845e-03
     29065 -2.3404e-03
     30064 -1.8953e-03
     30066 -1.1023e-03
     30067 -1.6303e-04
     30068 -7.5563e-04
     30070 -2.5719e-05
C name: Water
C density = 1.00000
m6
     1001 -1.1187e-01
     1002 -2.5713e-05
     8016 -8.8570e-01
     8017 -3.5857e-04
     8018 -2.0482e-03
C name: BMF82H
C density = 7.89000
m4
     5010 -4.3626e-02
     5011 -1.9307e-01
     6012 -7.7986e-03
     6013 -9.1400e-05
     23050 -3.8680e-05
     23051 -1.5741e-02
     24050 -2.4698e-02
     24052 -4.9529e-01
     24053 -5.7243e-02
     24054 -1.4518e-02
     26054 -3.8833e-01
     26056 -6.3214e+00
     26057 -1.4860e-01
     26058 -2.0123e-02
     73180 -1.8847e-07
     73181 -1.5778e-03
     74180 -1.8535e-04
     74182 -4.1386e-02
     74183 -2.2472e-02
     74184 -4.8379e-02
     74186 -4.5378e-02
C name: Pb157Li90
C density = 9.32000
m7
     3006 -4.5715e-02
     3007 -5.0794e-03
     82204 -1.2774e-01
     82206 -2.2205e+00
     82207 -2.0461e+00
     82208 -4.8749e+00
C name: AluminumOxide
C density = 3.97000
m50
     8016 -1.8638e+00
     8017 -7.5455e-04
     8018 -4.3101e-03
     13027 -2.1011e+00
C name: SS316L
C density = 8.00000
m11
     5010 -1.4745e-05
     5011 -6.5255e-05
     6012 -2.3722e-03
     6013 -2.7802e-05
     14028 -7.3493e-02
     14029 -3.8669e-03
     14030 -2.6399e-03
     15031 -3.6000e-03
     16032 -2.2732e-03
     16033 -1.8509e-05
     16034 -1.0805e-04
     16036 -2.6921e-07
     24050 -5.6762e-02
     24052 -1.1383e+00
     24053 -1.3156e-01
     24054 -3.3366e-02
     25055 -1.6000e-01
     26054 -2.9535e-01
     26056 -4.8078e+00
     26057 -1.1302e-01
     26058 -1.5305e-02
     28058 -6.4510e-01
     28060 -2.5705e-01
     28061 -1.1360e-02
     28062 -3.6815e-02
     28064 -9.6772e-03
     42092 -2.7833e-02
     42094 -1.7908e-02
     42095 -3.1332e-02
     42096 -3.3321e-02
     42097 -1.9389e-02
     42098 -4.9769e-02
     42100 -2.0448e-02
C name: SS316LNIG
C density = 7.93000
m10
     5010 -1.4616e-05
     5011 -6.4684e-05
     6012 -2.3514e-03
     6013 -2.7559e-05
     7014 -5.5294e-03
     7015 -2.1639e-05
     14028 -3.6425e-02
     14029 -1.9165e-03
     14030 -1.3084e-03
     15031 -1.9825e-03
     16032 -7.5109e-04
     16033 -6.1157e-06
     16034 -3.5703e-05
     16036 -8.8951e-08
     22046 -6.2806e-04
     22047 -5.7871e-04
     22048 -5.8559e-03
     22049 -4.3870e-04
     22050 -4.2861e-04
     24050 -5.7920e-02
     24052 -1.1615e+00
     24053 -1.3425e-01
     24054 -3.4047e-02
     25055 -1.4274e-01
     26054 -2.9030e-01
     26056 -4.7257e+00
     26057 -1.1109e-01
     26058 -1.5043e-02
     27059 -3.9650e-03
     28058 -6.5278e-01
     28060 -2.6011e-01
     28061 -1.1495e-02
     28062 -3.7253e-02
     28064 -9.7924e-03
     29063 -1.6291e-02
     29065 -7.4988e-03
     41093 -7.9300e-04
     42092 -2.7589e-02
     42094 -1.7751e-02
     42095 -3.1058e-02
     42096 -3.3029e-02
     42097 -1.9220e-02
     42098 -4.9334e-02
     42100 -2.0269e-02
     73180 -9.4713e-08
     73181 -7.9291e-04
C name: Concrete
C density = 2.35000
m23
     1001 -1.3058e-02
     1002 -3.0014e-06
     8016 -1.1673e+00
     8017 -4.7257e-04
     8018 -2.6994e-03
     11023 -4.0187e-02
     12024 -4.6986e-03
     12025 -6.1966e-04
     12026 -7.0946e-04
     13027 -1.0750e-01
     14028 -6.8024e-01
     14029 -3.5791e-02
     14030 -2.4435e-02
     16032 -2.8557e-03
     16033 -2.3252e-05
     16034 -1.3574e-04
     16036 -3.3820e-07
     19039 -4.2018e-02
     19040 -5.4069e-06
     19041 -3.1879e-03
     20040 -1.8840e-01
     20042 -1.3203e-03
     20043 -2.8204e-04
     20044 -4.4592e-03
     20046 -8.9395e-06
     20048 -4.3610e-04
     26054 -1.6449e-03
     26056 -2.6776e-02
     26057 -6.2943e-04
     26058 -8.5234e-05
C name: LHe
C density = 0.14900
m15
     2003 -1.5045e-07
     2004 -1.4900e-01
C name: OilTexasCrude
C density = 0.87500
m48
     1001 -1.0782e-01
     1002 -2.4781e-05
     6012 -7.3704e-01
     6013 -8.6382e-03
     7014 -6.1133e-03
     7015 -2.3924e-05
     16032 -1.4532e-02
     16033 -1.1833e-04
     16034 -6.9079e-04
     16036 -1.7210e-06
