C name: Fe
C density = 7.87400
m25
     26054 4.9630e-03
     26056 7.7909e-02
     26057 1.7993e-03
     26058 2.3945e-04
C name: FlibeNat
C density = 1.94000
m40
     3006 1.7935e-03
     3007 2.1836e-02
     4009 1.1815e-02
     9019 4.7258e-02
C name: Cu
C density = 8.96000
m29
     29063 5.8717e-02
     29065 2.6195e-02
C name: Li2TiO3nat
C density = 3.43000
m37
     3006 2.8571e-03
     3007 3.4786e-02
     8016 5.6328e-02
     8017 2.1457e-05
     8018 1.1575e-04
     22046 1.5528e-03
     22047 1.4003e-03
     22048 1.3875e-02
     22049 1.0183e-03
     22050 9.7497e-04
C name: W
C density = 19.30000
m24
     74180 7.5866e-05
     74182 1.6754e-02
     74183 9.0470e-03
     74184 1.9371e-02
     74186 1.7974e-02
C name: HT9
C density = 7.80000
m2
     6012 7.7381e-04
     6013 8.3693e-06
     23050 5.7631e-07
     23051 2.2995e-04
     24050 4.7103e-04
     24052 9.0833e-03
     24053 1.0300e-03
     24054 2.5638e-04
     26054 4.2060e-03
     26056 6.6025e-02
     26057 1.5248e-03
     26058 2.0292e-04
     28058 2.7241e-04
     28060 1.0493e-04
     28061 4.5614e-06
     28062 1.4544e-05
     28064 3.7034e-06
     42092 7.1125e-05
     42094 4.4790e-05
     42095 7.7537e-05
     42096 8.1600e-05
     42097 4.6992e-05
     42098 1.1939e-04
     42100 4.8069e-05
     74180 1.5330e-07
     74182 3.3855e-05
     74183 1.8281e-05
     74184 3.9144e-05
     74186 3.6320e-05
C name: AirSTP
C density = 0.00120
m22
     6012 7.4117e-09
     6013 8.0163e-11
     7014 3.8987e-05
     7015 1.4243e-07
     8016 1.0487e-05
     8017 3.9948e-09
     8018 2.1551e-08
     18036 7.7731e-10
     18038 1.4656e-10
     18040 2.3208e-07
C name: Pb
C density = 11.35000
m32
     82204 4.6180e-04
     82206 7.9495e-03
     82207 7.2898e-03
     82208 1.7284e-02
C name: HeT410P80
C density = 0.00572
m21
     2003 1.1526e-09
     2004 8.6015e-04
C name: HeT410P1
C density = 0.00007
m20
     2003 1.4210e-11
     2004 1.0604e-05
C name: WC
C density = 15.63000
m5
     6012 4.7545e-02
     6013 5.1424e-04
     74180 5.7672e-05
     74182 1.2736e-02
     74183 6.8773e-03
     74184 1.4725e-02
     74186 1.3663e-02
C name: Si
C density = 2.33000
m28
     14028 4.6075e-02
     14029 2.3406e-03
     14030 1.5448e-03
C name: HeNIST
C density = 0.00017
m19
     2003 3.3562e-11
     2004 2.5046e-05
C name: ODS125Y
C density = 7.79900
m17
     6012 1.4700e-04
     6013 1.5900e-06
     7014 1.5201e-04
     7015 5.5535e-07
     8016 2.4657e-03
     8017 9.3925e-07
     8018 5.0670e-06
     13027 8.3553e-03
     14028 3.0844e-05
     14029 1.5669e-06
     14030 1.0341e-06
     16032 2.7827e-06
     16033 2.1971e-08
     16034 1.2450e-07
     16036 2.9295e-10
     22046 8.0949e-07
     22047 7.3001e-07
     22048 7.2334e-06
     22049 5.3083e-07
     22050 5.0826e-07
     24050 4.4742e-04
     24052 8.6280e-03
     24053 9.7835e-04
     24054 2.4353e-04
     26054 4.0605e-03
     26056 6.3742e-02
     26057 1.4721e-03
     26058 1.9591e-04
     39089 1.0037e-04
     74180 1.5328e-08
     74182 3.3850e-06
     74183 1.8279e-06
     74184 3.9139e-06
     74186 3.6316e-06
C name: C
C density = 1.70000
m27
     6012 8.4325e-02
     6013 9.1204e-04
C name: Na
C density = 0.97100
m26
     11023 2.5435e-02
C name: Cr3FS
C density = 7.89000
m16
     6012 3.9137e-04
     6013 4.2329e-06
     14028 2.1843e-04
     14029 1.1096e-05
     14030 7.3234e-06
     23050 5.8296e-07
     23051 2.3260e-04
     24050 1.1912e-04
     24052 2.2970e-03
     24053 2.6046e-04
     24054 6.4835e-05
     25055 4.3244e-04
     26054 4.6255e-03
     26056 7.2610e-02
     26057 1.6769e-03
     26058 2.2316e-04
     74180 9.3044e-07
     74182 2.0547e-04
     74183 1.1095e-04
     74184 2.3757e-04
     74186 2.2044e-04
C name: MF82H
C density = 7.89000
m1
     6012 3.9137e-04
     6013 4.2329e-06
     23050 4.6637e-07
     23051 1.8608e-04
     24050 2.9779e-04
     24052 5.7426e-03
     24053 6.5116e-04
     24054 1.6209e-04
     26054 4.4847e-03
     26056 7.0401e-02
     26057 1.6259e-03
     26058 2.1637e-04
     73180 6.3074e-10
     73181 5.2511e-06
     74180 6.2029e-07
     74182 1.3698e-04
     74183 7.3970e-05
     74184 1.5838e-04
     74186 1.4696e-04
C name: Sn
C density = 7.31000
m30
     50112 3.5971e-04
     50114 2.4475e-04
     50115 1.2608e-04
     50116 5.3919e-03
     50117 2.8480e-03
     50118 8.9816e-03
     50119 3.1855e-03
     50120 1.2082e-02
     50122 1.7170e-03
     50124 2.1471e-03
C name: Li2TiO3Li60
C density = 3.43000
m39
     3006 2.4130e-02
     3007 1.3792e-02
     8016 5.6744e-02
     8017 2.1615e-05
     8018 1.1661e-04
     22046 1.5643e-03
     22047 1.4107e-03
     22048 1.3978e-02
     22049 1.0258e-03
     22050 9.8216e-04
C name: LiNat
C density = 0.53400
m42
     3006 3.5170e-03
     3007 4.2820e-02
C name: Mo
C density = 10.22000
m46
     42092 9.3192e-03
     42094 5.8686e-03
     42095 1.0159e-02
     42096 1.0692e-02
     42097 6.1572e-03
     42098 1.5643e-02
     42100 6.2983e-03
C name: EthyleneGlycol
C density = 1.11400
m49
     1001 6.4844e-02
     1002 7.4579e-06
     6012 2.1386e-02
     6013 2.3130e-04
     8016 2.1565e-02
     8017 8.2145e-06
     8018 4.4315e-05
C name: Be12Ti
C density = 2.28000
m34
     4009 1.0561e-01
     22046 7.2607e-04
     22047 6.5478e-04
     22048 6.4880e-03
     22049 4.7613e-04
     22050 4.5588e-04
C name: Ta
C density = 16.65400
m31
     73180 6.6567e-06
     73181 5.5420e-02
C name: ZrH2
C density = 5.61000
m52
     1001 7.2459e-02
     1002 8.3338e-06
     40090 1.8642e-02
     40091 4.0654e-03
     40092 6.2141e-03
     40094 6.2974e-03
     40096 1.0145e-03
C name: LiNatT500
C density = 0.48500
m43
     3006 3.1943e-03
     3007 3.8891e-02
C name: JK2LBSteel
C density = 8.00000
m13
     5010 1.7736e-06
     5011 7.1390e-06
     6012 7.9365e-05
     6013 8.5839e-07
     7014 6.8541e-04
     7015 2.5040e-06
     14028 4.7459e-04
     14029 2.4110e-05
     14030 1.5912e-05
     15031 6.2217e-06
     16032 5.7089e-06
     16033 4.5075e-08
     16034 2.5542e-07
     16036 6.0100e-10
     24050 5.2336e-04
     24052 1.0093e-02
     24053 1.1444e-03
     24054 2.8487e-04
     25055 1.8416e-02
     26054 2.7970e-03
     26056 4.3907e-02
     26057 1.0140e-03
     26058 1.3495e-04
     28058 5.0292e-03
     28060 1.9372e-03
     28061 8.4210e-05
     28062 2.6850e-04
     28064 6.8371e-05
     42092 7.2949e-05
     42094 4.5938e-05
     42095 7.9526e-05
     42096 8.3693e-05
     42097 4.8197e-05
     42098 1.2245e-04
     42100 4.9302e-05
C name: Be12V
C density = 2.39000
m35
     4009 1.0857e-01
     23050 2.2618e-05
     23051 9.0245e-03
C name: FlibeLi60
C density = 1.94000
m41
     3006 1.5208e-02
     3007 8.6923e-03
     4009 1.1950e-02
     9019 4.7801e-02
C name: Li4SiO4nat
C density = 2.40000
m36
     3006 3.6614e-03
     3007 4.4579e-02
     8016 4.8123e-02
     8017 1.8331e-05
     8018 9.8892e-05
     14028 1.1122e-02
     14029 5.6501e-04
     14030 3.7290e-04
C name: Inconel718
C density = 8.19000
m53
     5010 4.5393e-06
     5011 1.8271e-05
     6012 2.9656e-04
     6013 3.2075e-06
     13027 9.1398e-04
     14028 5.1501e-04
     14029 2.6163e-05
     14030 1.7267e-05
     15031 2.2293e-05
     16032 2.0456e-05
     16033 1.6151e-07
     16034 9.1522e-07
     16036 2.1534e-09
     22046 7.6506e-05
     22047 6.8995e-05
     22048 6.8364e-04
     22049 5.0170e-05
     22050 4.8037e-05
     24050 7.8308e-04
     24052 1.5101e-02
     24053 1.7123e-03
     24054 4.2623e-04
     25055 2.8549e-04
     26054 8.7757e-04
     26056 1.3776e-02
     26057 3.1815e-04
     26058 4.2340e-05
     27059 7.6158e-04
     28058 3.0033e-02
     28060 1.1569e-02
     28061 5.0289e-04
     28062 1.6035e-03
     28064 4.0830e-04
     29063 1.4652e-04
     29065 6.5368e-05
     41093 2.7207e-03
     42092 2.2778e-04
     42094 1.4344e-04
     42095 2.4831e-04
     42096 2.6133e-04
     42097 1.5049e-04
     42098 3.8235e-04
     42100 1.5394e-04
C name: EUROFER97
C density = 7.75000
m3
     6012 4.2287e-04
     6013 4.5736e-06
     23050 4.3519e-07
     23051 1.7364e-04
     24050 3.4711e-04
     24052 6.6936e-03
     24053 7.5900e-04
     24054 1.8893e-04
     25055 3.5680e-04
     26054 4.3544e-03
     26056 6.8354e-02
     26057 1.5786e-03
     26058 2.1008e-04
     73180 4.3368e-09
     73181 3.6106e-05
     74180 3.3511e-07
     74182 7.4003e-05
     74183 3.9961e-05
     74184 8.5564e-05
     74186 7.9392e-05
C name: TernaryNb3Sn
C density = 8.90000
m14
     22046 9.6995e-05
     22047 8.7472e-05
     22048 8.6673e-04
     22049 6.3605e-05
     22050 6.0901e-05
     41093 3.9777e-02
     50112 1.3139e-04
     50114 8.9396e-05
     50115 4.6053e-05
     50116 1.9694e-03
     50117 1.0402e-03
     50118 3.2806e-03
     50119 1.1635e-03
     50120 4.4129e-03
     50122 6.2713e-04
     50124 7.8425e-04
C name: Li4SiO4Li60
C density = 2.40000
m38
     3006 3.1281e-02
     3007 1.7879e-02
     8016 4.9041e-02
     8017 1.8681e-05
     8018 1.0078e-04
     14028 1.1334e-02
     14029 5.7579e-04
     14030 3.8001e-04
C name: Be
C density = 1.85000
m33
     4009 1.2362e-01
C name: Li60
C density = 0.53400
m44
     3006 3.2077e-02
     3007 1.8334e-02
C name: V4Cr4Ti
C density = 6.05000
m51
     22046 2.5118e-04
     22047 2.2652e-04
     22048 2.2445e-03
     22049 1.6471e-04
     22050 1.5771e-04
     23050 1.6450e-04
     23051 6.5635e-02
     24050 1.2178e-04
     24052 2.3485e-03
     24053 2.6630e-04
     24054 6.6287e-05
C name: Li60T500
C density = 0.48500
m45
     3006 2.9134e-02
     3007 1.6652e-02
C name: Eins
C density = 1.80000
m12
     1001 2.1076e-02
     1002 2.4241e-06
     6012 2.1536e-02
     6013 2.3292e-04
     7014 1.1258e-03
     7015 4.1128e-06
     8016 2.7163e-02
     8017 1.0347e-05
     8018 5.5820e-05
     12024 1.3810e-03
     12025 1.7483e-04
     12026 1.9249e-04
     13027 3.4551e-03
     14028 7.0299e-03
     14029 3.5712e-04
     14030 2.3569e-04
C name: D2O
C density = 1.10534
m18
     1002 6.6474e-02
     8016 3.3156e-02
     8017 1.2630e-05
     8018 6.8135e-05
C name: SS316LN
C density = 7.93000
m9
     5010 2.6371e-05
     5011 1.0615e-04
     6012 1.1801e-04
     6013 1.2763e-06
     7014 5.4353e-04
     7015 1.9857e-06
     14028 1.5681e-03
     14029 7.9662e-05
     14030 5.2575e-05
     15031 4.6254e-05
     16032 2.8295e-05
     16033 2.2340e-07
     16034 1.2659e-06
     16036 2.9787e-09
     24050 6.8839e-04
     24052 1.3275e-02
     24053 1.5053e-03
     24054 3.7469e-04
     25055 1.7385e-03
     26054 3.2404e-03
     26056 5.0867e-02
     26057 1.1748e-03
     26058 1.5634e-04
     27059 8.1033e-05
     28058 6.6469e-03
     28060 2.5603e-03
     28061 1.1130e-04
     28062 3.5487e-04
     28064 9.0363e-05
     41093 2.5701e-05
     42092 1.8078e-04
     42094 1.1384e-04
     42095 1.9707e-04
     42096 2.0740e-04
     42097 1.1944e-04
     42098 3.0345e-04
     42100 1.2218e-04
C name: SiC
C density = 3.21000
m8
     6012 4.7696e-02
     6013 5.1586e-04
     14028 4.4462e-02
     14029 2.2587e-03
     14030 1.4907e-03
C name: Aluminum6061
C density = 2.70000
m47
     12024 5.2843e-04
     12025 6.6898e-05
     12026 7.3655e-05
     13027 5.8575e-02
     14028 3.2035e-04
     14029 1.6274e-05
     14030 1.0740e-05
     22046 2.4661e-06
     22047 2.2240e-06
     22048 2.2037e-05
     22049 1.6172e-06
     22050 1.5484e-06
     24050 2.6495e-06
     24052 5.1093e-05
     24053 5.7935e-06
     24054 1.4421e-06
     25055 2.6045e-05
     26054 6.9604e-06
     26056 1.0926e-04
     26057 2.5234e-06
     26058 3.3581e-07
     29063 4.8657e-05
     29065 2.1707e-05
     30064 1.7854e-05
     30066 1.0069e-05
     30067 1.4669e-06
     30068 6.6993e-06
     30070 2.2149e-07
C name: Water
C density = 1.00000
m6
     1001 6.6846e-02
     1002 7.6881e-06
     8016 3.3347e-02
     8017 1.2703e-05
     8018 6.8528e-05
C name: BMF82H
C density = 7.89000
m4
     5010 2.6238e-03
     5011 1.0561e-02
     6012 3.9137e-04
     6013 4.2329e-06
     23050 4.6637e-07
     23051 1.8608e-04
     24050 2.9779e-04
     24052 5.7426e-03
     24053 6.5116e-04
     24054 1.6209e-04
     26054 4.3355e-03
     26056 6.8059e-02
     26057 1.5718e-03
     26058 2.0917e-04
     73180 6.3074e-10
     73181 5.2511e-06
     74180 6.2029e-07
     74182 1.3698e-04
     74183 7.3970e-05
     74184 1.5838e-04
     74186 1.4696e-04
C name: Pb157Li90
C density = 9.32000
m7
     3006 4.5768e-03
     3007 4.3599e-04
     82204 3.7713e-04
     82206 6.4921e-03
     82207 5.9533e-03
     82208 1.4116e-02
C name: AluminumOxide
C density = 3.97000
m50
     8016 7.0173e-02
     8017 2.6731e-05
     8018 1.4421e-04
     13027 4.6896e-02
C name: SS316L
C density = 8.00000
m11
     5010 8.8680e-07
     5011 3.5695e-06
     6012 1.1905e-04
     6013 1.2876e-06
     14028 1.5820e-03
     14029 8.0365e-05
     14030 5.3039e-05
     15031 6.9994e-05
     16032 4.2817e-05
     16033 3.3806e-07
     16034 1.9157e-06
     16036 4.5075e-09
     24050 6.8440e-04
     24052 1.3198e-02
     24053 1.4965e-03
     24054 3.7252e-04
     25055 1.7539e-03
     26054 3.2974e-03
     26056 5.1763e-02
     26057 1.1954e-03
     26058 1.5909e-04
     28058 6.7055e-03
     28060 2.5829e-03
     28061 1.1228e-04
     28062 3.5801e-04
     28064 9.1161e-05
     42092 1.8237e-04
     42094 1.1485e-04
     42095 1.9881e-04
     42096 2.0923e-04
     42097 1.2049e-04
     42098 3.0613e-04
     42100 1.2325e-04
C name: SS316LNIG
C density = 7.93000
m10
     5010 8.7904e-07
     5011 3.5383e-06
     6012 1.1801e-04
     6013 1.2763e-06
     7014 2.3779e-04
     7015 8.6874e-07
     14028 7.8406e-04
     14029 3.9831e-05
     14030 2.6288e-05
     15031 3.8545e-05
     16032 1.4147e-05
     16033 1.1170e-07
     16034 6.3297e-07
     16036 1.4893e-09
     22046 8.2308e-06
     22047 7.4227e-06
     22048 7.3549e-05
     22049 5.3974e-06
     22050 5.1680e-06
     24050 6.9836e-04
     24052 1.3467e-02
     24053 1.5271e-03
     24054 3.8012e-04
     25055 1.5647e-03
     26054 3.2411e-03
     26056 5.0878e-02
     26057 1.1750e-03
     26058 1.5637e-04
     27059 4.0517e-05
     28058 6.7853e-03
     28060 2.6137e-03
     28061 1.1362e-04
     28062 3.6227e-04
     28064 9.2246e-05
     29063 1.5590e-04
     29065 6.9552e-05
     41093 5.1402e-06
     42092 1.8078e-04
     42094 1.1384e-04
     42095 1.9707e-04
     42096 2.0740e-04
     42097 1.1944e-04
     42098 3.0345e-04
     42100 1.2218e-04
     73180 3.1697e-10
     73181 2.6389e-06
C name: Concrete
C density = 2.35000
m23
     1001 7.8028e-03
     1002 8.9743e-07
     8016 4.3950e-02
     8017 1.6742e-05
     8018 9.0316e-05
     11023 1.0527e-03
     12024 1.1797e-04
     12025 1.4935e-05
     12026 1.6444e-05
     13027 2.3994e-03
     14028 1.4642e-02
     14029 7.4385e-04
     14030 4.9092e-04
     16032 5.3789e-05
     16033 4.2470e-07
     16034 2.4066e-06
     16036 5.6626e-09
     19039 6.4943e-04
     19040 8.1476e-08
     19041 4.6868e-05
     20040 2.8392e-03
     20042 1.8949e-05
     20043 3.9538e-06
     20044 6.1094e-05
     20046 1.1715e-07
     20048 5.4768e-06
     26054 1.8364e-05
     26056 2.8828e-04
     26057 6.6576e-06
     26058 8.8600e-07
C name: LHe
C density = 0.14900
m15
     2003 3.0040e-08
     2004 2.2418e-02
C name: OilTexasCrude
C density = 0.87500
m48
     1001 6.4424e-02
     1002 7.4096e-06
     6012 3.6988e-02
     6013 4.0005e-04
     7014 2.6291e-04
     7015 9.6049e-07
     16032 2.7373e-04
     16033 2.1612e-06
     16034 1.2247e-05
     16036 2.8816e-08
