C name: FNSFIBSRstruct
C density = 7.89000
m400
     6012 -7.7986e-03
     6013 -9.1400e-05
     23050 -3.8680e-05
     23051 -1.5741e-02
     24050 -2.4698e-02
     24052 -4.9529e-01
     24053 -5.7243e-02
     24054 -1.4518e-02
     26054 -4.0169e-01
     26056 -6.5390e+00
     26057 -1.5371e-01
     26058 -2.0815e-02
     73180 -1.8847e-07
     73181 -1.5778e-03
     74180 -1.8535e-04
     74182 -4.1386e-02
     74183 -2.2472e-02
     74184 -4.8379e-02
     74186 -4.5378e-02
C name: FNSFIBSR
C density = 10.33794
m2
     2003 -1.1545e-09
     2004 -1.1434e-03
     6012 -4.9484e-01
     6013 -5.7995e-03
     23050 -1.0830e-05
     23051 -4.4076e-03
     24050 -6.9154e-03
     24052 -1.3868e-01
     24053 -1.6028e-02
     24054 -4.0650e-03
     26054 -1.1247e-01
     26056 -1.8309e+00
     26057 -4.3040e-02
     26058 -5.8282e-03
     73180 -5.2772e-08
     73181 -4.4179e-04
     74180 -9.0129e-03
     74182 -2.0125e+00
     74183 -1.0927e+00
     74184 -2.3525e+00
     74186 -2.2066e+00
C name: PbLi90BZ
C density = 9.32000
m223
     3006 -4.5715e-02
     3007 -5.0794e-03
     82204 -1.2774e-01
     82206 -2.2205e+00
     82207 -2.0461e+00
     82208 -4.8749e+00
C name: SS316LN
C density = 7.93000
m32
     5010 -4.3847e-04
     5011 -1.9405e-03
     6012 -2.3514e-03
     6013 -2.7559e-05
     7014 -1.2639e-02
     7015 -4.9460e-05
     14028 -7.2850e-02
     14029 -3.8331e-03
     14030 -2.6168e-03
     15031 -2.3790e-03
     16032 -1.5022e-03
     16033 -1.2231e-05
     16034 -7.1406e-05
     16036 -1.7790e-07
     24050 -5.7093e-02
     24052 -1.1449e+00
     24053 -1.3233e-01
     24054 -3.3560e-02
     25055 -1.5860e-01
     26054 -2.9024e-01
     26056 -4.7247e+00
     26057 -1.1106e-01
     26058 -1.5040e-02
     27059 -7.9300e-03
     28058 -6.3945e-01
     28060 -2.5480e-01
     28061 -1.1261e-02
     28062 -3.6493e-02
     28064 -9.5925e-03
     41093 -3.9650e-03
     42092 -2.7589e-02
     42094 -1.7751e-02
     42095 -3.1058e-02
     42096 -3.3029e-02
     42097 -1.9220e-02
     42098 -4.9334e-02
     42100 -2.0269e-02
C name: IFMIFDONESspecimenstack
C density = 6.05525
m29
     6012 -6.3197e-03
     6013 -7.4067e-05
     11023 -2.4275e-01
     23050 -2.7070e-05
     23051 -1.1017e-02
     24050 -2.1591e-02
     24052 -4.3299e-01
     24053 -5.0043e-02
     24054 -1.2692e-02
     25055 -2.4413e-02
     26054 -2.9251e-01
     26056 -4.7617e+00
     26057 -1.1193e-01
     26058 -1.5157e-02
     73180 -9.7191e-07
     73181 -8.1365e-03
     74180 -7.5099e-05
     74182 -1.6769e-02
     74183 -9.1051e-03
     74184 -1.9602e-02
     74186 -1.8386e-02
C name: reIron
C density = 7.87400
m312
     26054 -4.4453e-01
     26056 -7.2363e+00
     26057 -1.7011e-01
     26058 -2.3035e-02
C name: Pb
C density = 11.35000
m30
     82204 -1.5641e-01
     82206 -2.7189e+00
     82207 -2.5054e+00
     82208 -5.9692e+00
C name: FNSFFW
C density = 2.68637
m9
     2003 -3.8099e-09
     2004 -3.7732e-03
     6012 -2.6515e-03
     6013 -3.1076e-05
     23050 -1.3151e-05
     23051 -5.3520e-03
     24050 -8.3972e-03
     24052 -1.6840e-01
     24053 -1.9463e-02
     24054 -4.9360e-03
     26054 -1.3658e-01
     26056 -2.2233e+00
     26057 -5.2263e-02
     26058 -7.0771e-03
     73180 -6.4080e-08
     73181 -5.3646e-04
     74180 -6.3018e-05
     74182 -1.4071e-02
     74183 -7.6404e-03
     74184 -1.6449e-02
     74186 -1.5429e-02
C name: FNSFDCLL
C density = 7.76292
m220
     2003 -7.7929e-10
     2004 -7.7179e-04
     3006 -3.5200e-02
     3007 -3.9111e-03
     6012 -3.3732e-02
     6013 -3.9534e-04
     14028 -7.2295e-02
     14029 -3.8039e-03
     14030 -2.5969e-03
     23050 -2.3208e-06
     23051 -9.4448e-04
     24050 -1.4819e-03
     24052 -2.9717e-02
     24053 -3.4346e-03
     24054 -8.7107e-04
     26054 -2.4102e-02
     26056 -3.9234e-01
     26057 -9.2229e-03
     26058 -1.2489e-03
     73180 -1.1308e-08
     73181 -9.4669e-05
     74180 -1.1121e-05
     74182 -2.4832e-03
     74183 -1.3483e-03
     74184 -2.9027e-03
     74186 -2.7227e-03
     82204 -9.8358e-02
     82206 -1.7098e+00
     82207 -1.5755e+00
     82208 -3.7537e+00
C name: FNSFFWstruct
C density = 7.89000
m26
     6012 -7.7986e-03
     6013 -9.1400e-05
     23050 -3.8680e-05
     23051 -1.5741e-02
     24050 -2.4698e-02
     24052 -4.9529e-01
     24053 -5.7243e-02
     24054 -1.4518e-02
     26054 -4.0169e-01
     26056 -6.5390e+00
     26057 -1.5371e-01
     26058 -2.0815e-02
     73180 -1.8847e-07
     73181 -1.5778e-03
     74180 -1.8535e-04
     74182 -4.1386e-02
     74183 -2.2472e-02
     74184 -4.8379e-02
     74186 -4.5378e-02
C name: FNSFIBWP
C density = 6.87166
m19
     1001 -2.8218e-03
     1002 -6.4858e-07
     2003 -2.1063e-08
     2004 -2.0860e-02
     5010 -8.5520e-06
     5011 -3.7848e-05
     6012 -3.4789e-02
     6013 -4.0773e-04
     7014 -6.7161e-03
     7015 -2.6283e-05
     8016 -5.7717e-02
     8017 -2.3366e-05
     8018 -1.3347e-04
     12024 -4.4001e-03
     12025 -5.8029e-04
     12026 -6.6439e-04
     13027 -1.2384e-02
     14028 -3.2521e-02
     14029 -1.7111e-03
     14030 -1.1682e-03
     15031 -9.2800e-05
     16032 -8.7896e-05
     16033 -7.1568e-07
     16034 -4.1781e-06
     16036 -1.0409e-08
     22046 -4.4408e-04
     22047 -4.0919e-04
     22048 -4.1405e-03
     22049 -3.1019e-04
     22050 -3.0305e-04
     24050 -1.2588e-02
     24052 -2.5244e-01
     24053 -2.9176e-02
     24054 -7.3993e-03
     25055 -4.8720e-01
     26054 -7.2653e-02
     26056 -1.1827e+00
     26057 -2.7802e-02
     26058 -3.7648e-03
     28058 -1.4031e-01
     28060 -5.5908e-02
     28061 -2.4709e-03
     28062 -8.0073e-03
     28064 -2.1048e-03
     29063 -2.6384e+00
     29065 -1.2144e+00
     41093 -3.6819e-01
     42092 -3.2286e-03
     42094 -2.0773e-03
     42095 -3.6345e-03
     42096 -3.8652e-03
     42097 -2.2492e-03
     42098 -5.7732e-03
     42100 -2.3720e-03
     50112 -1.4649e-03
     50114 -1.0145e-03
     50115 -5.2721e-04
     50116 -2.2742e-02
     50117 -1.2116e-02
     50118 -3.8536e-02
     50119 -1.3784e-02
     50120 -5.2717e-02
     50122 -7.6168e-03
     50124 -9.6815e-03
C name: FNSFIBSRfill
C density = 11.11819
m401
     2003 -1.5239e-09
     2004 -1.5093e-03
     6012 -6.5031e-01
     6013 -7.6217e-03
     23050 -1.9340e-06
     23051 -7.8707e-04
     24050 -1.2349e-03
     24052 -2.4765e-02
     24053 -2.8622e-03
     24054 -7.2589e-04
     26054 -2.0085e-02
     26056 -3.2695e-01
     26057 -7.6857e-03
     26058 -1.0408e-03
     73180 -9.4235e-09
     73181 -7.8891e-05
     74180 -1.1831e-02
     74182 -2.6417e+00
     74183 -1.4344e+00
     74184 -3.0881e+00
     74186 -2.8965e+00
C name: Concrete
C density = 2.35000
m31
     1001 -1.3058e-02
     1002 -3.0014e-06
     8016 -1.1673e+00
     8017 -4.7257e-04
     8018 -2.6994e-03
     11023 -4.0187e-02
     12024 -4.6986e-03
     12025 -6.1966e-04
     12026 -7.0946e-04
     13027 -1.0750e-01
     14028 -6.8024e-01
     14029 -3.5791e-02
     14030 -2.4435e-02
     16032 -2.8557e-03
     16033 -2.3252e-05
     16034 -1.3574e-04
     16036 -3.3820e-07
     19039 -4.2018e-02
     19040 -5.4069e-06
     19041 -3.1879e-03
     20040 -1.8840e-01
     20042 -1.3203e-03
     20043 -2.8204e-04
     20044 -4.4592e-03
     20046 -8.9395e-06
     20048 -4.3610e-04
     26054 -1.6449e-03
     26056 -2.6776e-02
     26057 -6.2943e-04
     26058 -8.5234e-05
C name: EUDEMOHCPB
C density = 1.92817
m221
     2003 -5.2256e-10
     2004 -5.1753e-04
     3006 -4.0618e-02
     3007 -2.7079e-02
     4009 -7.0115e-01
     6012 -9.9430e-04
     6013 -1.1653e-05
     8016 -1.6933e-01
     8017 -6.8552e-05
     8018 -3.9157e-04
     14028 -6.8452e-02
     14029 -3.6017e-03
     14030 -2.4588e-03
     23050 -4.2591e-06
     23051 -1.7333e-03
     24050 -3.3970e-03
     24052 -6.8123e-02
     24053 -7.8734e-03
     24054 -1.9968e-03
     25055 -3.8409e-03
     26054 -4.6022e-02
     26056 -7.4917e-01
     26057 -1.7611e-02
     26058 -2.3848e-03
     73180 -1.5291e-07
     73181 -1.2801e-03
     74180 -1.1816e-05
     74182 -2.6383e-03
     74183 -1.4325e-03
     74184 -3.0841e-03
     74186 -2.8928e-03
C name: FlibeLi60BZ
C density = 1.94000
m224
     3006 -1.5190e-01
     3007 -1.0127e-01
     4009 -1.7883e-01
     9019 -1.5080e+00
C name: FNSFCC
C density = 7.93000
m17
     5010 -1.4616e-05
     5011 -6.4684e-05
     6012 -2.3514e-03
     6013 -2.7559e-05
     7014 -5.5294e-03
     7015 -2.1639e-05
     14028 -3.6425e-02
     14029 -1.9165e-03
     14030 -1.3084e-03
     15031 -1.9825e-03
     16032 -7.5109e-04
     16033 -6.1157e-06
     16034 -3.5703e-05
     16036 -8.8951e-08
     22046 -6.2806e-04
     22047 -5.7871e-04
     22048 -5.8559e-03
     22049 -4.3870e-04
     22050 -4.2861e-04
     24050 -5.7920e-02
     24052 -1.1615e+00
     24053 -1.3425e-01
     24054 -3.4047e-02
     25055 -1.4274e-01
     26054 -2.9030e-01
     26056 -4.7257e+00
     26057 -1.1109e-01
     26058 -1.5043e-02
     27059 -3.9650e-03
     28058 -6.5278e-01
     28060 -2.6011e-01
     28061 -1.1495e-02
     28062 -3.7253e-02
     28064 -9.7924e-03
     29063 -1.6291e-02
     29065 -7.4988e-03
     41093 -7.9300e-04
     42092 -2.7589e-02
     42094 -1.7751e-02
     42095 -3.1058e-02
     42096 -3.3029e-02
     42097 -1.9220e-02
     42098 -4.9334e-02
     42100 -2.0269e-02
     73180 -9.4713e-08
     73181 -7.9291e-04
C name: EUDEMOHCPBacb
C density = 2.13755
m222
     2003 -5.2256e-10
     2004 -5.1753e-04
     3006 -3.7368e-02
     3007 -2.4912e-02
     4009 -5.9900e-01
     6012 -9.9430e-04
     6013 -1.1653e-05
     8016 -1.7864e-01
     8017 -7.2320e-05
     8018 -4.1310e-04
     14028 -4.4494e-02
     14029 -2.3411e-03
     14030 -1.5982e-03
     22046 -2.6429e-02
     22047 -2.4352e-02
     22048 -2.4642e-01
     22049 -1.8461e-02
     22050 -1.8036e-02
     23050 -4.2591e-06
     23051 -1.7333e-03
     24050 -3.3970e-03
     24052 -6.8123e-02
     24053 -7.8734e-03
     24054 -1.9968e-03
     25055 -3.8409e-03
     26054 -4.6022e-02
     26056 -7.4917e-01
     26057 -1.7611e-02
     26058 -2.3848e-03
     73180 -1.5291e-07
     73181 -1.2801e-03
     74180 -1.1816e-05
     74182 -2.6383e-03
     74183 -1.4325e-03
     74184 -3.0841e-03
     74186 -2.8928e-03
